DBRep_DrawableShape

CASCADE Topology V1, (c) Matra-Datavision
Locations 1
1
              1               0               0               0 
              0 2.22044604925031e-16              -1               0 
              0               1 2.22044604925031e-16             -10 
Curve2ds 46
1 0 -10 1 0 
1 0 -10 1 0 
1 6.2831853071795862 0 -1 0 
1 6.2831853071795871 0 -1 0 
1 0 0 1 0 
1 0 0 1 0 
1 0 0 1 0 
1 0 0 1 0 
1 0 0 1 0 
1 0 0 1 0 
1 6.2831853071795862 0 -1 0 
1 6.2831853071795862 0 -1 0 
1 0 0 1 0 
1 6.2831853071795862 0 -1 0 
1 6.2831853071795871 0 -1 0 
1 0 0 1 0 
1 0 0 1 0 
1 0 0 1 0 
1 0 0 1 0 
1 0 0 1 0 
1 0 0 1 0 
1 6.2831853071795862 0 -1 0 
1 6.2831853071795862 0 -1 0 
1 0 0 1 0 
1 6.2831853071795862 0 -1 0 
1 6.2831853071795871 0 -1 0 
1 0 0 1 0 
1 0 0 1 0 
1 0 0 1 0 
1 0 0 1 0 
1 0 0 1 0 
1 0 0 1 0 
1 6.2831853071795862 0 -1 0 
1 6.2831853071795862 0 -1 0 
1 0 0 1 0 
1 6.2831853071795862 0 -1 0 
1 6.2831853071795871 0 -1 0 
1 0 0 1 0 
1 0 0 1 0 
1 0 0 1 0 
1 0 0 1 0 
1 0 0 1 0 
1 0 0 1 0 
1 6.2831853071795862 0 -1 0 
1 6.2831853071795862 0 -1 0 
1 0 0 1 0 
Curves 74
2 0 10 0 0 -1 0 1 0 0 -0 0 1 3.3999999999999999
2 0 10 0 0 -1 0 1 0 0 -0 0 1 3.3999999999999999
2 5.5 10 -18.5 0 1 -0 -1 0 2.36847578586701e-15 2.36847578586701e-15 0 1 1.5
1 4 10 -8.75 -0 0 1 
2 5 10 -16.5 0 1 -0 -8.8817841970012405e-16 0 1 1 0 8.8817841970012405e-16 1
1 3.4790287625 10 -15.5 1 0 0 
2 8.9161150500000002 10 -14.41611505 0 -1 -0 -1.6388795133655601e-15 0 -1 1 0 -1.6388795133655601e-15 1.0838849500000001
2 -10.34 10 -28.600000000000001 0 -1 0 0.80515230041051788 0 0.59306810160693302 -0.59306810160693302 0 0.80515230041051788 24.999999999699899
2 2.1930562900000101 10 -11.75 0 -1 0 0.59681220470983776 0 0.80238095211026972 -0.80238095211026972 0 0.59681220470983776 4.0000000018999602
1 -1.5543122344752199e-15 10 -7.75 -1 0 0 
2 -2.1930562899999999 10 -11.75 0 -1 0 0 0 1 -1 0 0 4
2 10.3399999999999 10 -28.600000000000001 0 -1 0 -0.59681220437093274 0 0.80238095236234763 -0.80238095236234763 -0 -0.59681220437093274 25.000000001199901
2 -8.9161150500000002 10 -14.41611505 0 -1 0 -0.80515229997577709 0 0.59306810219713912 -0.59306810219713912 -0 -0.80515229997577709 1.0838849495
1 -3.4790287625 10 -15.5 1 0 0 
2 -5 10 -16.5 -0 1 0 1 0 1.33226762955019e-15 1.33226762955019e-15 0 -1 1
1 -4 10 -8.75 -0 -0 -1 
2 -5.5 10 -18.5 -0 1 0 0 0 -1 -1 0 -0 1.5
1 -16 10 -20 1 0 0 
2 -16 10 -16 0 -1 0 -1 0 2.2204460492503101e-16 -2.2204460492503101e-16 -0 -1 4
1 -20 10 16 0 0 -1 
2 -18.5 10 -5.5 -0 1 0 2.36847578586701e-15 0 1 1 0 -2.36847578586701e-15 1.5
1 -8.75 10 -4 1 0 0 
2 -16.5 10 -5 -0 1 0 1 0 8.8817841970012405e-16 8.8817841970012405e-16 0 -1 1
1 -15.5 10 -3.4790287625 -0 -0 -1 
2 -14.41611505 10 -8.9161150500000002 0 -1 0 -1 0 1.6388795133655601e-15 -1.6388795133655601e-15 -0 -1 1.0838849500000001
2 -28.600000000000001 10 10.34 0 -1 0 0.59306810160693302 0 -0.80515230041051788 0.80515230041051788 0 0.59306810160693302 24.999999999699899
2 -11.75 10 -2.1930562900000101 0 -1 0 0.80238095211026972 0 -0.59681220470983776 0.59681220470983776 0 0.80238095211026972 4.0000000018999602
1 -7.75 10 -2.2204460492503101e-16 -0 0 1 
2 -11.75 10 2.1930562899999999 0 -1 0 1 0 0 -0 0 1 4
2 -28.600000000000001 10 -10.3399999999999 0 -1 0 0.80238095236234763 0 0.59681220437093274 -0.59681220437093274 0 0.80238095236234763 25.000000001199901
2 -14.41611505 10 8.9161150500000002 0 -1 0 0.59306810219713912 0 0.80515229997577709 -0.80515229997577709 0 0.59306810219713912 1.0838849495
1 -15.5 10 3.4790287625 -0 -0 -1 
2 -16.5 10 5 -0 1 0 1.33226762955019e-15 0 -1 -1 0 -1.33226762955019e-15 1
1 -8.75 10 4 -1 0 0 
2 -18.5 10 5.5 0 1 -0 -1 0 0 0 0 1 1.5
1 -20 10 16 0 0 -1 
2 -16 10 16 0 -1 0 -1.11022302462515e-15 0 1 -1 -0 -1.11022302462515e-15 4.0000000000000098
1 16 10 20 -1 0 0 
2 -5.5 10 18.5 -0 1 0 1 0 -2.36847578586701e-15 -2.36847578586701e-15 0 -1 1.5
1 -4 10 8.75 -0 -0 -1 
2 -5 10 16.5 -0 1 0 8.8817841970012405e-16 0 -1 -1 0 -8.8817841970012405e-16 1
1 -3.4790287625 10 15.5 -1 -0 0 
2 -8.9161150500000002 10 14.41611505 0 -1 0 1.6388795133655601e-15 0 1 -1 0 1.6388795133655601e-15 1.0838849500000001
2 10.34 10 28.600000000000001 0 -1 -0 -0.80515230041051788 0 -0.59306810160693302 0.59306810160693302 0 -0.80515230041051788 24.999999999699899
2 -2.1930562900000101 10 11.75 0 -1 -0 -0.59681220470983776 0 -0.80238095211026972 0.80238095211026972 0 -0.59681220470983776 4.0000000018999602
1 -1.9984014443252802e-15 10 7.75 1 0 0 
2 2.1930562899999999 10 11.75 0 -1 0 0 0 -1 1 0 0 4
2 -10.3399999999999 10 28.600000000000001 0 -1 0 0.59681220437093274 0 -0.80238095236234763 0.80238095236234763 0 0.59681220437093274 25.000000001199901
2 8.9161150500000002 10 14.41611505 0 -1 0 0.80515229997577709 0 -0.59306810219713912 0.59306810219713912 0 0.80515229997577709 1.0838849495
1 3.4790287625 10 15.5 -1 -0 0 
2 5 10 16.5 0 1 0 -1 0 -1.33226762955019e-15 -1.33226762955019e-15 0 1 1
1 4 10 8.75 0 0 1 
2 5.5 10 18.5 -0 1 0 0 0 1 1 0 -0 1.5
1 16 10 20 -1 0 0 
2 16 10 16 0 -1 0 1 0 1.7763568394002501e-15 -1.7763568394002501e-15 0 1 4.0000000000000098
1 20 10 -16 0 0 1 
2 18.5 10 5.5 0 1 0 -2.36847578586701e-15 0 -1 -1 0 2.36847578586701e-15 1.5
1 8.75 10 4 -1 0 0 
2 16.5 10 5 0 1 0 -1 0 -8.8817841970012405e-16 -8.8817841970012405e-16 0 1 1
1 15.5 10 3.4790287625 -0 0 1 
2 14.41611505 10 8.9161150500000002 0 -1 0 1 0 -1.6388795133655601e-15 1.6388795133655601e-15 0 1 1.0838849500000001
2 28.600000000000001 10 -10.34 0 -1 0 -0.59306810160693302 0 0.80515230041051788 -0.80515230041051788 -0 -0.59306810160693302 24.999999999699899
2 11.75 10 2.1930562900000101 0 -1 0 -0.80238095211026972 0 0.59681220470983776 -0.59681220470983776 -0 -0.80238095211026972 4.0000000018999602
1 7.75 10 2.2204460492503101e-16 -0 -0 -1 
2 11.75 10 -2.1930562899999999 0 -1 0 -1 0 0 -0 -0 -1 4
2 28.600000000000001 10 10.3399999999999 0 -1 -0 -0.80238095236234763 0 -0.59681220437093274 0.59681220437093274 0 -0.80238095236234763 25.000000001199901
2 14.41611505 10 -8.9161150500000002 0 -1 -0 -0.59306810219713912 0 -0.80515229997577709 0.80515229997577709 0 -0.59306810219713912 1.0838849495
1 15.5 10 -3.4790287625 -0 0 1 
2 16.5 10 -5 0 1 -0 -1.33226762955019e-15 0 1 1 0 1.33226762955019e-15 1
1 8.75 10 -4 1 0 0 
2 18.5 10 -5.5 -0 1 0 1 0 0 0 0 -1 1.5
1 20 10 -16 0 0 1 
2 16 10 -16 0 -1 0 0 0 -1 1 0 0 4
1 -16 10 -20 1 0 0 
Polygon3D 0
PolygonOnTriangulations 148
14 1 3 4 5 6 7 8 9 10 11 12 13 14 2 
p 0.166666666666667 1 0 0.241660973353061 0.483321946706122 0.724982920059183 0.966643893412244 1.2083048667653 1.44996584011837 1.69162681347143 1.93328778682449 2.17494876017755 2.41660973353061 2.65827070688367 2.89993168023673 3.14159265358979 
14 1 3 4 5 6 7 8 9 10 11 12 13 14 2 
p 0.133333333333333 1 0 0.241660973353061 0.483321946706122 0.724982920059183 0.966643893412244 1.2083048667653 1.44996584011837 1.69162681347143 1.93328778682449 2.17494876017755 2.41660973353061 2.65827070688367 2.89993168023673 3.14159265358979 
14 15 17 18 19 20 21 22 23 24 25 26 27 28 16 
p 0.166666666666667 1 3.14159265358979 3.38325362694285 3.62491460029591 3.86657557364898 4.10823654700204 4.3498975203551 4.59155849370816 4.83321946706122 5.07488044041428 5.31654141376734 5.5582023871204 5.79986336047346 6.04152433382652 6.28318530717959 
14 2 15 16 17 18 19 20 21 22 23 24 25 26 1 
p 0.133333333333333 1 3.14159265358979 3.38325362694285 3.62491460029591 3.86657557364898 4.10823654700204 4.3498975203551 4.59155849370816 4.83321946706122 5.07488044041428 5.31654141376734 5.5582023871204 5.79986336047346 6.04152433382652 6.28318530717959 
8 10 11 12 13 14 15 16 9 
p 0.166666666666667 1 4.71238898038469 4.9367884556411 5.16118793089751 5.38558740615393 5.60998688141034 5.83438635666676 6.05878583192317 6.28318530717959 
8 27 29 30 31 32 33 34 28 
p 0.133333333333333 1 4.71238898038469 4.9367884556411 5.16118793089751 5.38558740615393 5.60998688141034 5.83438635666676 6.05878583192317 6.28318530717959 
2 4 3 
p 0.166666666666667 1 -9.75 -7.75 
2 28 35 
p 0.133333333333333 1 -9.75 -7.75 
8 10 11 12 13 14 15 16 9 
p 0.166666666666667 1 4.71238898038469 4.9367884556411 5.16118793089752 5.38558740615393 5.60998688141035 5.83438635666676 6.05878583192317 6.28318530717959 
8 35 37 38 39 40 41 42 36 
p 0.133333333333333 1 4.71238898038469 4.9367884556411 5.16118793089752 5.38558740615393 5.60998688141035 5.83438635666676 6.05878583192317 6.28318530717959 
2 4 3 
p 0.166666666666667 1 1.5209712375 5.4370862875 
2 36 43 
p 0.133333333333333 1 1.5209712375 5.4370862875 
10 1 4 5 6 7 8 9 10 11 3 
p 0.166666666666667 1 0 0.245073381106831 0.490146762213663 0.735220143320494 0.980293524427326 1.22536690553416 1.47044028664099 1.71551366774782 1.96058704885465 2.20566042996148 
10 43 45 46 47 48 49 50 51 52 44 
p 0.133333333333333 1 0 0.245073381106831 0.490146762213663 0.735220143320494 0.980293524427326 1.22536690553416 1.47044028664099 1.71551366774782 1.96058704885465 2.20566042996148 
4 1 4 5 3 
p 0.166666666666667 1 0 0.0988033113234552 0.19760662264691 0.296409933970366 
4 44 54 55 53 
p 0.133333333333333 1 0 0.0988033113234552 0.19760662264691 0.296409933970366 
4 1 4 5 3 
p 0.166666666666667 1 0 0.213174096932299 0.426348193864598 0.639522290796897 
4 53 57 58 56 
p 0.133333333333333 1 0 0.213174096932299 0.426348193864598 0.639522290796897 
2 4 3 
p 0.166666666666667 1 -2.19305629 2.19305629 
2 56 59 
p 0.133333333333333 1 -2.19305629 2.19305629 
4 1 4 5 3 
p 0.166666666666667 1 0 0.213174096930602 0.426348193861203 0.639522290791805 
4 59 61 62 60 
p 0.133333333333333 1 0 0.213174096930602 0.426348193861203 0.639522290791805 
4 1 4 5 3 
p 0.166666666666667 1 0 0.0988033113235 0.197606622647 0.2964099339705 
4 60 64 65 63 
p 0.133333333333333 1 0 0.0988033113235 0.197606622647 0.2964099339705 
10 1 4 5 6 7 8 9 10 11 3 
p 0.166666666666667 1 0 0.24507338110857 0.49014676221714 0.73522014332571 0.98029352443428 1.22536690554285 1.47044028665142 1.71551366775999 1.96058704886856 2.20566042997713 
10 63 67 68 69 70 71 72 73 74 66 
p 0.133333333333333 1 0 0.24507338110857 0.49014676221714 0.73522014332571 0.98029352443428 1.22536690554285 1.47044028665142 1.71551366775999 1.96058704886856 2.20566042997713 
2 4 3 
p 0.166666666666667 1 -5.4370862875 -1.5209712375 
2 66 75 
p 0.133333333333333 1 -5.4370862875 -1.5209712375 
8 10 11 12 13 14 15 16 9 
p 0.166666666666667 1 4.71238898038469 4.93678845564111 5.16118793089752 5.38558740615393 5.60998688141035 5.83438635666676 6.05878583192317 6.28318530717959 
8 75 77 78 79 80 81 82 76 
p 0.133333333333333 1 4.71238898038469 4.93678845564111 5.16118793089752 5.38558740615393 5.60998688141035 5.83438635666676 6.05878583192317 6.28318530717959 
2 4 3 
p 0.166666666666667 1 7.75 9.75 
2 76 83 
p 0.133333333333333 1 7.75 9.75 
8 10 11 12 13 14 15 16 9 
p 0.166666666666667 1 4.71238898038469 4.9367884556411 5.16118793089752 5.38558740615393 5.60998688141034 5.83438635666676 6.05878583192317 6.28318530717959 
8 83 85 86 87 88 89 90 84 
p 0.133333333333333 1 4.71238898038469 4.9367884556411 5.16118793089752 5.38558740615393 5.60998688141034 5.83438635666676 6.05878583192317 6.28318530717959 
2 4 1 
p 0.166666666666667 1 0 10.5 
2 91 84 
p 0.133333333333333 1 0 10.5 
8 9 11 12 13 14 15 16 10 
p 0.166666666666667 1 0 0.224399475256414 0.448798950512828 0.673198425769241 0.897597901025655 1.12199737628207 1.34639685153848 1.5707963267949 
8 92 93 94 95 96 97 98 91 
p 0.133333333333333 1 0 0.224399475256414 0.448798950512828 0.673198425769241 0.897597901025655 1.12199737628207 1.34639685153848 1.5707963267949 
2 2 3 
p 0.166666666666667 1 21.5 32 
2 99 92 
p 0.133333333333333 1 21.5 32 
8 10 11 12 13 14 15 16 9 
p 0.166666666666667 1 4.71238898038469 4.9367884556411 5.16118793089751 5.38558740615393 5.60998688141034 5.83438635666676 6.05878583192317 6.28318530717959 
8 99 101 102 103 104 105 106 100 
p 0.133333333333333 1 4.71238898038469 4.9367884556411 5.16118793089751 5.38558740615393 5.60998688141034 5.83438635666676 6.05878583192317 6.28318530717959 
2 4 3 
p 0.166666666666667 1 -9.75 -7.75 
2 100 107 
p 0.133333333333333 1 -9.75 -7.75 
8 10 11 12 13 14 15 16 9 
p 0.166666666666667 1 4.71238898038469 4.9367884556411 5.16118793089752 5.38558740615393 5.60998688141035 5.83438635666676 6.05878583192317 6.28318530717959 
8 107 109 110 111 112 113 114 108 
p 0.133333333333333 1 4.71238898038469 4.9367884556411 5.16118793089752 5.38558740615393 5.60998688141035 5.83438635666676 6.05878583192317 6.28318530717959 
2 4 3 
p 0.166666666666667 1 1.5209712375 5.4370862875 
2 108 115 
p 0.133333333333333 1 1.5209712375 5.4370862875 
10 1 4 5 6 7 8 9 10 11 3 
p 0.166666666666667 1 0 0.245073381106831 0.490146762213663 0.735220143320494 0.980293524427326 1.22536690553416 1.47044028664099 1.71551366774782 1.96058704885465 2.20566042996148 
10 115 117 118 119 120 121 122 123 124 116 
p 0.133333333333333 1 0 0.245073381106831 0.490146762213663 0.735220143320494 0.980293524427326 1.22536690553416 1.47044028664099 1.71551366774782 1.96058704885465 2.20566042996148 
4 1 4 5 3 
p 0.166666666666667 1 0 0.0988033113234552 0.19760662264691 0.296409933970366 
4 116 126 127 125 
p 0.133333333333333 1 0 0.0988033113234552 0.19760662264691 0.296409933970366 
4 1 4 5 3 
p 0.166666666666667 1 0 0.213174096932299 0.426348193864598 0.639522290796897 
4 125 129 130 128 
p 0.133333333333333 1 0 0.213174096932299 0.426348193864598 0.639522290796897 
2 4 3 
p 0.166666666666667 1 -2.19305629 2.19305629 
2 128 131 
p 0.133333333333333 1 -2.19305629 2.19305629 
4 1 4 5 3 
p 0.166666666666667 1 0 0.213174096930602 0.426348193861203 0.639522290791805 
4 131 133 134 132 
p 0.133333333333333 1 0 0.213174096930602 0.426348193861203 0.639522290791805 
4 1 4 5 3 
p 0.166666666666667 1 0 0.0988033113235 0.197606622647 0.2964099339705 
4 132 136 137 135 
p 0.133333333333333 1 0 0.0988033113235 0.197606622647 0.2964099339705 
10 1 4 5 6 7 8 9 10 11 3 
p 0.166666666666667 1 0 0.24507338110857 0.49014676221714 0.73522014332571 0.98029352443428 1.22536690554285 1.47044028665142 1.71551366775999 1.96058704886856 2.20566042997713 
10 135 139 140 141 142 143 144 145 146 138 
p 0.133333333333333 1 0 0.24507338110857 0.49014676221714 0.73522014332571 0.98029352443428 1.22536690554285 1.47044028665142 1.71551366775999 1.96058704886856 2.20566042997713 
2 4 3 
p 0.166666666666667 1 -5.4370862875 -1.5209712375 
2 138 147 
p 0.133333333333333 1 -5.4370862875 -1.5209712375 
8 10 11 12 13 14 15 16 9 
p 0.166666666666667 1 4.71238898038469 4.93678845564111 5.16118793089752 5.38558740615393 5.60998688141035 5.83438635666676 6.05878583192317 6.28318530717959 
8 147 149 150 151 152 153 154 148 
p 0.133333333333333 1 4.71238898038469 4.93678845564111 5.16118793089752 5.38558740615393 5.60998688141035 5.83438635666676 6.05878583192317 6.28318530717959 
2 4 3 
p 0.166666666666667 1 7.75 9.75 
2 148 155 
p 0.133333333333333 1 7.75 9.75 
8 10 11 12 13 14 15 16 9 
p 0.166666666666667 1 4.71238898038469 4.9367884556411 5.16118793089752 5.38558740615393 5.60998688141034 5.83438635666676 6.05878583192317 6.28318530717959 
8 155 157 158 159 160 161 162 156 
p 0.133333333333333 1 4.71238898038469 4.9367884556411 5.16118793089752 5.38558740615393 5.60998688141034 5.83438635666676 6.05878583192317 6.28318530717959 
2 4 1 
p 0.166666666666667 1 0 10.5 
2 163 156 
p 0.133333333333333 1 0 10.5 
8 9 11 12 13 14 15 16 10 
p 0.166666666666667 1 0 0.224399475256414 0.448798950512827 0.673198425769241 0.897597901025655 1.12199737628207 1.34639685153848 1.5707963267949 
8 164 165 166 167 168 169 170 163 
p 0.133333333333333 1 0 0.224399475256414 0.448798950512827 0.673198425769241 0.897597901025655 1.12199737628207 1.34639685153848 1.5707963267949 
2 2 3 
p 0.166666666666667 1 21.5 32 
2 171 164 
p 0.133333333333333 1 21.5 32 
8 10 11 12 13 14 15 16 9 
p 0.166666666666667 1 4.71238898038469 4.9367884556411 5.16118793089751 5.38558740615393 5.60998688141034 5.83438635666676 6.05878583192317 6.28318530717959 
8 171 173 174 175 176 177 178 172 
p 0.133333333333333 1 4.71238898038469 4.9367884556411 5.16118793089751 5.38558740615393 5.60998688141034 5.83438635666676 6.05878583192317 6.28318530717959 
2 4 3 
p 0.166666666666667 1 -9.75 -7.75 
2 172 179 
p 0.133333333333333 1 -9.75 -7.75 
8 10 11 12 13 14 15 16 9 
p 0.166666666666667 1 4.71238898038469 4.9367884556411 5.16118793089752 5.38558740615393 5.60998688141035 5.83438635666676 6.05878583192317 6.28318530717959 
8 179 181 182 183 184 185 186 180 
p 0.133333333333333 1 4.71238898038469 4.9367884556411 5.16118793089752 5.38558740615393 5.60998688141035 5.83438635666676 6.05878583192317 6.28318530717959 
2 4 3 
p 0.166666666666667 1 1.5209712375 5.4370862875 
2 180 187 
p 0.133333333333333 1 1.5209712375 5.4370862875 
10 1 4 5 6 7 8 9 10 11 3 
p 0.166666666666667 1 0 0.245073381106831 0.490146762213663 0.735220143320494 0.980293524427326 1.22536690553416 1.47044028664099 1.71551366774782 1.96058704885465 2.20566042996148 
10 187 189 190 191 192 193 194 195 196 188 
p 0.133333333333333 1 0 0.245073381106831 0.490146762213663 0.735220143320494 0.980293524427326 1.22536690553416 1.47044028664099 1.71551366774782 1.96058704885465 2.20566042996148 
4 1 4 5 3 
p 0.166666666666667 1 0 0.0988033113234552 0.19760662264691 0.296409933970366 
4 188 198 199 197 
p 0.133333333333333 1 0 0.0988033113234552 0.19760662264691 0.296409933970366 
4 1 4 5 3 
p 0.166666666666667 1 0 0.213174096932299 0.426348193864598 0.639522290796897 
4 197 201 202 200 
p 0.133333333333333 1 0 0.213174096932299 0.426348193864598 0.639522290796897 
2 4 3 
p 0.166666666666667 1 -2.19305629 2.19305629 
2 200 203 
p 0.133333333333333 1 -2.19305629 2.19305629 
4 1 4 5 3 
p 0.166666666666667 1 0 0.213174096930602 0.426348193861203 0.639522290791805 
4 203 205 206 204 
p 0.133333333333333 1 0 0.213174096930602 0.426348193861203 0.639522290791805 
4 1 4 5 3 
p 0.166666666666667 1 0 0.0988033113235 0.197606622647 0.2964099339705 
4 204 208 209 207 
p 0.133333333333333 1 0 0.0988033113235 0.197606622647 0.2964099339705 
10 1 4 5 6 7 8 9 10 11 3 
p 0.166666666666667 1 0 0.24507338110857 0.49014676221714 0.73522014332571 0.98029352443428 1.22536690554285 1.47044028665142 1.71551366775999 1.96058704886856 2.20566042997713 
10 207 211 212 213 214 215 216 217 218 210 
p 0.133333333333333 1 0 0.24507338110857 0.49014676221714 0.73522014332571 0.98029352443428 1.22536690554285 1.47044028665142 1.71551366775999 1.96058704886856 2.20566042997713 
2 4 3 
p 0.166666666666667 1 -5.4370862875 -1.5209712375 
2 210 219 
p 0.133333333333333 1 -5.4370862875 -1.5209712375 
8 10 11 12 13 14 15 16 9 
p 0.166666666666667 1 4.71238898038469 4.93678845564111 5.16118793089752 5.38558740615393 5.60998688141035 5.83438635666676 6.05878583192317 6.28318530717959 
8 219 221 222 223 224 225 226 220 
p 0.133333333333333 1 4.71238898038469 4.93678845564111 5.16118793089752 5.38558740615393 5.60998688141035 5.83438635666676 6.05878583192317 6.28318530717959 
2 4 3 
p 0.166666666666667 1 7.75 9.75 
2 220 227 
p 0.133333333333333 1 7.75 9.75 
8 10 11 12 13 14 15 16 9 
p 0.166666666666667 1 4.71238898038469 4.9367884556411 5.16118793089752 5.38558740615393 5.60998688141034 5.83438635666676 6.05878583192317 6.28318530717959 
8 227 229 230 231 232 233 234 228 
p 0.133333333333333 1 4.71238898038469 4.9367884556411 5.16118793089752 5.38558740615393 5.60998688141034 5.83438635666676 6.05878583192317 6.28318530717959 
2 4 1 
p 0.166666666666667 1 0 10.5 
2 235 228 
p 0.133333333333333 1 0 10.5 
8 9 11 12 13 14 15 16 10 
p 0.166666666666667 1 0 0.224399475256414 0.448798950512827 0.673198425769241 0.897597901025654 1.12199737628207 1.34639685153848 1.57079632679489 
8 236 237 238 239 240 241 242 235 
p 0.133333333333333 1 0 0.224399475256414 0.448798950512827 0.673198425769241 0.897597901025654 1.12199737628207 1.34639685153848 1.57079632679489 
2 2 3 
p 0.166666666666667 1 21.5 32 
2 243 236 
p 0.133333333333333 1 21.5 32 
8 10 11 12 13 14 15 16 9 
p 0.166666666666667 1 4.71238898038469 4.9367884556411 5.16118793089751 5.38558740615393 5.60998688141034 5.83438635666676 6.05878583192317 6.28318530717959 
8 243 245 246 247 248 249 250 244 
p 0.133333333333333 1 4.71238898038469 4.9367884556411 5.16118793089751 5.38558740615393 5.60998688141034 5.83438635666676 6.05878583192317 6.28318530717959 
2 4 3 
p 0.166666666666667 1 -9.75 -7.75 
2 244 251 
p 0.133333333333333 1 -9.75 -7.75 
8 10 11 12 13 14 15 16 9 
p 0.166666666666667 1 4.71238898038469 4.9367884556411 5.16118793089752 5.38558740615393 5.60998688141035 5.83438635666676 6.05878583192317 6.28318530717959 
8 251 253 254 255 256 257 258 252 
p 0.133333333333333 1 4.71238898038469 4.9367884556411 5.16118793089752 5.38558740615393 5.60998688141035 5.83438635666676 6.05878583192317 6.28318530717959 
2 4 3 
p 0.166666666666667 1 1.5209712375 5.4370862875 
2 252 259 
p 0.133333333333333 1 1.5209712375 5.4370862875 
10 1 4 5 6 7 8 9 10 11 3 
p 0.166666666666667 1 0 0.245073381106831 0.490146762213663 0.735220143320494 0.980293524427326 1.22536690553416 1.47044028664099 1.71551366774782 1.96058704885465 2.20566042996148 
10 259 261 262 263 264 265 266 267 268 260 
p 0.133333333333333 1 0 0.245073381106831 0.490146762213663 0.735220143320494 0.980293524427326 1.22536690553416 1.47044028664099 1.71551366774782 1.96058704885465 2.20566042996148 
4 1 4 5 3 
p 0.166666666666667 1 0 0.0988033113234552 0.19760662264691 0.296409933970366 
4 260 270 271 269 
p 0.133333333333333 1 0 0.0988033113234552 0.19760662264691 0.296409933970366 
4 1 4 5 3 
p 0.166666666666667 1 0 0.213174096932299 0.426348193864598 0.639522290796897 
4 269 273 274 272 
p 0.133333333333333 1 0 0.213174096932299 0.426348193864598 0.639522290796897 
2 4 3 
p 0.166666666666667 1 -2.19305629 2.19305629 
2 272 275 
p 0.133333333333333 1 -2.19305629 2.19305629 
4 1 4 5 3 
p 0.166666666666667 1 0 0.213174096930602 0.426348193861203 0.639522290791805 
4 275 277 278 276 
p 0.133333333333333 1 0 0.213174096930602 0.426348193861203 0.639522290791805 
4 1 4 5 3 
p 0.166666666666667 1 0 0.0988033113235 0.197606622647 0.2964099339705 
4 276 280 281 279 
p 0.133333333333333 1 0 0.0988033113235 0.197606622647 0.2964099339705 
10 1 4 5 6 7 8 9 10 11 3 
p 0.166666666666667 1 0 0.24507338110857 0.49014676221714 0.73522014332571 0.98029352443428 1.22536690554285 1.47044028665142 1.71551366775999 1.96058704886856 2.20566042997713 
10 279 283 284 285 286 287 288 289 290 282 
p 0.133333333333333 1 0 0.24507338110857 0.49014676221714 0.73522014332571 0.98029352443428 1.22536690554285 1.47044028665142 1.71551366775999 1.96058704886856 2.20566042997713 
2 4 3 
p 0.166666666666667 1 -5.4370862875 -1.5209712375 
2 282 291 
p 0.133333333333333 1 -5.4370862875 -1.5209712375 
8 10 11 12 13 14 15 16 9 
p 0.166666666666667 1 4.71238898038469 4.93678845564111 5.16118793089752 5.38558740615393 5.60998688141035 5.83438635666676 6.05878583192317 6.28318530717959 
8 291 293 294 295 296 297 298 292 
p 0.133333333333333 1 4.71238898038469 4.93678845564111 5.16118793089752 5.38558740615393 5.60998688141035 5.83438635666676 6.05878583192317 6.28318530717959 
2 4 3 
p 0.166666666666667 1 7.75 9.75 
2 292 299 
p 0.133333333333333 1 7.75 9.75 
8 10 11 12 13 14 15 16 9 
p 0.166666666666667 1 4.71238898038469 4.9367884556411 5.16118793089752 5.38558740615393 5.60998688141034 5.83438635666676 6.05878583192317 6.28318530717959 
8 299 301 302 303 304 305 306 300 
p 0.133333333333333 1 4.71238898038469 4.9367884556411 5.16118793089752 5.38558740615393 5.60998688141034 5.83438635666676 6.05878583192317 6.28318530717959 
2 4 1 
p 0.166666666666667 1 0 10.5 
2 307 300 
p 0.133333333333333 1 0 10.5 
8 9 11 12 13 14 15 16 10 
p 0.166666666666667 1 0 0.224399475256414 0.448798950512828 0.673198425769241 0.897597901025655 1.12199737628207 1.34639685153848 1.5707963267949 
8 308 309 310 311 312 313 314 307 
p 0.133333333333333 1 0 0.224399475256414 0.448798950512828 0.673198425769241 0.897597901025655 1.12199737628207 1.34639685153848 1.5707963267949 
2 2 3 
p 0.166666666666667 1 21.5 32 
2 27 308 
p 0.133333333333333 1 21.5 32 
Surfaces 75
1 -3.5527136788005001e-15 10 0 0 -1 0 1 0 0 -0 0 1 
2 0 0 0 0 -1 0 1 0 0 -0 0 1 3.3999999999999999
2 0 0 0 0 -1 0 1 0 0 -0 0 1 3.3999999999999999
2 5.5 10 -18.5 0 -1 0 -1 0 2.36847578586701e-15 -2.36847578586701e-15 -0 -1 1.5
1 4 10 -17.5 1 0 -0 0 0 1 0 -1 0 
2 5 10 -16.5 0 -1 0 -8.8817841970012405e-16 0 1 -1 -0 -8.8817841970012405e-16 1
1 6.9580575250000001 10 -15.5 0 0 -1 1 0 0 0 -1 0 
2 8.9161150500000002 10 -14.41611505 0 -1 -0 -1.6388795133655601e-15 0 -1 1 0 -1.6388795133655601e-15 1.0838849500000001
2 -10.34 10 -28.600000000000001 0 -1 0 0.80515230041051788 0 0.59306810160693302 -0.59306810160693302 0 0.80515230041051788 24.999999999699899
2 2.1930562900000101 10 -11.75 0 -1 0 0.59681220470983776 0 0.80238095211026972 -0.80238095211026972 0 0.59681220470983776 4.0000000018999602
1 4.4408920985006301e-16 10 -7.75 0 0 1 -1 0 0 0 -1 0 
2 -2.1930562899999999 10 -11.75 0 -1 0 0 0 1 -1 0 0 4
2 10.3399999999999 10 -28.600000000000001 0 -1 0 -0.59681220437093274 0 0.80238095236234763 -0.80238095236234763 -0 -0.59681220437093274 25.000000001199901
2 -8.9161150500000002 10 -14.41611505 0 -1 0 -0.80515229997577709 0 0.59306810219713912 -0.59306810219713912 -0 -0.80515229997577709 1.0838849495
1 -6.9580575250000001 10 -15.5 0 0 -1 1 0 0 0 -1 0 
2 -5 10 -16.5 0 -1 0 1 0 1.33226762955019e-15 -1.33226762955019e-15 0 1 1
1 -4 10 -17.5 -1 0 0 0 0 -1 -0 -1 -0 
2 -5.5 10 -18.5 0 -1 0 0 0 -1 1 0 0 1.5
1 0 10 -20 0 0 -1 1 0 0 0 -1 0 
2 -16 10 -16 0 -1 0 -1 0 2.2204460492503101e-16 -2.2204460492503101e-16 -0 -1 4
1 -20 10 0 -1 0 0 0 0 -1 -0 -1 -0 
2 -18.5 10 -5.5 0 -1 0 2.36847578586701e-15 0 1 -1 0 2.36847578586701e-15 1.5
1 -17.5 10 -4 0 0 -1 1 0 0 0 -1 0 
2 -16.5 10 -5 0 -1 0 1 0 8.8817841970012405e-16 -8.8817841970012405e-16 0 1 1
1 -15.5 10 -6.9580575250000001 -1 0 0 0 0 -1 -0 -1 -0 
2 -14.41611505 10 -8.9161150500000002 0 -1 0 -1 0 1.6388795133655601e-15 -1.6388795133655601e-15 -0 -1 1.0838849500000001
2 -28.600000000000001 10 10.34 0 -1 0 0.59306810160693302 0 -0.80515230041051788 0.80515230041051788 0 0.59306810160693302 24.999999999699899
2 -11.75 10 -2.1930562900000101 0 -1 0 0.80238095211026972 0 -0.59681220470983776 0.59681220470983776 0 0.80238095211026972 4.0000000018999602
1 -7.75 10 -4.4408920985006301e-16 1 0 0 -0 0 1 0 -1 0 
2 -11.75 10 2.1930562899999999 0 -1 0 1 0 0 -0 0 1 4
2 -28.600000000000001 10 -10.3399999999999 0 -1 0 0.80238095236234763 0 0.59681220437093274 -0.59681220437093274 0 0.80238095236234763 25.000000001199901
2 -14.41611505 10 8.9161150500000002 0 -1 0 0.59306810219713912 0 0.80515229997577709 -0.80515229997577709 0 0.59306810219713912 1.0838849495
1 -15.5 10 6.9580575250000001 -1 0 0 0 0 -1 -0 -1 -0 
2 -16.5 10 5 0 -1 0 1.33226762955019e-15 0 -1 1 0 1.33226762955019e-15 1
1 -17.5 10 4 0 0 1 -1 0 0 0 -1 0 
2 -18.5 10 5.5 0 -1 0 -1 0 0 -0 -0 -1 1.5
1 -20 10 0 -1 0 0 0 0 -1 -0 -1 -0 
2 -16 10 16 0 -1 0 -1.11022302462515e-15 0 1 -1 -0 -1.11022302462515e-15 4.0000000000000098
1 0 10 20 0 0 1 -1 0 0 0 -1 0 
2 -5.5 10 18.5 0 -1 0 1 0 -2.36847578586701e-15 2.36847578586701e-15 0 1 1.5
1 -4 10 17.5 -1 0 0 0 0 -1 -0 -1 -0 
2 -5 10 16.5 0 -1 0 8.8817841970012405e-16 0 -1 1 0 8.8817841970012405e-16 1
1 -6.9580575250000001 10 15.5 0 0 1 -1 0 0 0 -1 0 
2 -8.9161150500000002 10 14.41611505 0 -1 0 1.6388795133655601e-15 0 1 -1 0 1.6388795133655601e-15 1.0838849500000001
2 10.34 10 28.600000000000001 0 -1 -0 -0.80515230041051788 0 -0.59306810160693302 0.59306810160693302 0 -0.80515230041051788 24.999999999699899
2 -2.1930562900000101 10 11.75 0 -1 -0 -0.59681220470983776 0 -0.80238095211026972 0.80238095211026972 0 -0.59681220470983776 4.0000000018999602
1 -4.4408920985006301e-16 10 7.75 0 0 -1 1 0 0 0 -1 0 
2 2.1930562899999999 10 11.75 0 -1 0 0 0 -1 1 0 0 4
2 -10.3399999999999 10 28.600000000000001 0 -1 0 0.59681220437093274 0 -0.80238095236234763 0.80238095236234763 0 0.59681220437093274 25.000000001199901
2 8.9161150500000002 10 14.41611505 0 -1 0 0.80515229997577709 0 -0.59306810219713912 0.59306810219713912 0 0.80515229997577709 1.0838849495
1 6.9580575250000001 10 15.5 0 0 1 -1 0 0 0 -1 0 
2 5 10 16.5 0 -1 -0 -1 0 -1.33226762955019e-15 1.33226762955019e-15 0 -1 1
1 4 10 17.5 1 0 -0 0 0 1 0 -1 0 
2 5.5 10 18.5 0 -1 0 -0 0 1 -1 -0 0 1.5
1 0 10 20 0 0 1 -1 0 0 0 -1 0 
2 16 10 16 0 -1 0 1 0 1.7763568394002501e-15 -1.7763568394002501e-15 0 1 4.0000000000000098
1 20 10 0 1 0 -0 0 0 1 0 -1 0 
2 18.5 10 5.5 0 -1 -0 -2.36847578586701e-15 0 -1 1 0 -2.36847578586701e-15 1.5
1 17.5 10 4 0 0 1 -1 0 0 0 -1 0 
2 16.5 10 5 0 -1 -0 -1 0 -8.8817841970012405e-16 8.8817841970012405e-16 0 -1 1
1 15.5 10 6.9580575250000001 1 0 -0 0 0 1 0 -1 0 
2 14.41611505 10 8.9161150500000002 0 -1 0 1 0 -1.6388795133655601e-15 1.6388795133655601e-15 0 1 1.0838849500000001
2 28.600000000000001 10 -10.34 0 -1 0 -0.59306810160693302 0 0.80515230041051788 -0.80515230041051788 -0 -0.59306810160693302 24.999999999699899
2 11.75 10 2.1930562900000101 0 -1 0 -0.80238095211026972 0 0.59681220470983776 -0.59681220470983776 -0 -0.80238095211026972 4.0000000018999602
1 7.75 10 4.4408920985006301e-16 -1 0 0 0 0 -1 -0 -1 -0 
2 11.75 10 -2.1930562899999999 0 -1 0 -1 0 0 -0 -0 -1 4
2 28.600000000000001 10 10.3399999999999 0 -1 -0 -0.80238095236234763 0 -0.59681220437093274 0.59681220437093274 0 -0.80238095236234763 25.000000001199901
2 14.41611505 10 -8.9161150500000002 0 -1 -0 -0.59306810219713912 0 -0.80515229997577709 0.80515229997577709 0 -0.59306810219713912 1.0838849495
1 15.5 10 -6.9580575250000001 1 0 -0 0 0 1 0 -1 0 
2 16.5 10 -5 0 -1 0 -1.33226762955019e-15 0 1 -1 -0 -1.33226762955019e-15 1
1 17.5 10 -4 0 0 -1 1 0 0 0 -1 0 
2 18.5 10 -5.5 0 -1 0 1 0 0 -0 0 1 1.5
1 20 10 0 1 0 -0 0 0 1 0 -1 0 
2 16 10 -16 0 -1 0 0 0 -1 1 0 0 4
1 0 10 -20 0 0 -1 1 0 0 0 -1 0 
Triangulations 75
314 314 1 3.1641356201817e-15
