DBRep_DrawableShape

CASCADE Topology V1, (c) Matra-Datavision
Locations 1
1
              1               0               0               0 
              0 2.22044604925031e-16              -1    -1.77636e-15 
              0               1 2.22044604925031e-16             -10 
Curve2ds 134
1 0 1 1 0 
1 6.2831853071795862 1 -1 0 
1 0 1 1 0 
1 0 1 1 0 
1 6.2831853071795862 1 -1 0 
1 6.2831853071795862 1 -1 0 
1 0 1 1 0 
1 0 1 1 0 
1 6.2831853071795862 1 -1 0 
1 6.2831853071795862 1 -1 0 
1 0 1 1 0 
1 0 1 1 0 
1 6.2831853071795862 1 -1 0 
1 0 1 1 0 
1 0 1 1 0 
1 6.2831853071795862 1 -1 0 
1 6.2831853071795862 1 -1 0 
1 0 1 1 0 
1 0 1 1 0 
1 6.2831853071795862 1 -1 0 
1 6.2831853071795862 1 -1 0 
1 0 1 1 0 
1 0 1 1 0 
1 6.2831853071795862 1 -1 0 
1 0 1 1 0 
1 0 1 1 0 
1 6.2831853071795862 1 -1 0 
1 6.2831853071795862 1 -1 0 
1 0 1 1 0 
1 0 1 1 0 
1 6.2831853071795862 1 -1 0 
1 6.2831853071795862 1 -1 0 
1 0 1 1 0 
1 0 1 1 0 
1 6.2831853071795862 1 -1 0 
1 0 1 1 0 
1 0 1 1 0 
1 6.2831853071795862 1 -1 0 
1 6.2831853071795862 1 -1 0 
1 0 1 1 0 
1 0 1 1 0 
1 6.2831853071795862 1 -1 0 
1 6.2831853071795862 1 -1 0 
1 0 1 1 0 
1 0 1 1 0 
1 0 1 1 0 
1 6.2831853071795862 1 -1 0 
1 0 1 1 0 
1 0 1 1 0 
1 0 1 1 0 
1 6.2831853071795862 1 -1 0 
1 0 1 1 0 
1 0 1 1 0 
1 6.2831853071795862 1 -1 0 
1 0 1 1 0 
1 0 1 1 0 
1 0 1 1 0 
1 6.2831853071795862 1 -1 0 
1 0 1 1 0 
1 0 1 1 0 
1 6.2831853071795862 1 -1 0 
1 0 1 1 0 
1 0 1 1 0 
1 0 1 1 0 
1 6.2831853071795862 1 -1 0 
1 0 1 1 0 
1 0 1 1 0 
1 6.2831853071795862 1 -1 0 
1 0 1 1 0 
1 0 1 1 0 
1 0 1 1 0 
1 6.2831853071795862 1 -1 0 
1 0 -10 1 0 
1 0 -10 1 0 
1 6.2831853071795871 0 -1 0 
1 6.283185307179588 0 -1 0 
1 6.2831853071795853 0 -1 0 
1 0 0 1 0 
1 0 0 1 0 
1 0 0 1 0 
1 0 0 1 0 
1 0 0 1 0 
1 0 0 1 0 
1 0 0 1 0 
1 0 0 1 0 
1 6.2831853071795862 0 -1 0 
1 6.2831853071795871 0 -1 0 
1 6.2831853071795853 0 -1 0 
1 0 0 1 0 
1 6.2831853071795871 0 -1 0 
1 6.283185307179588 0 -1 0 
1 6.2831853071795853 0 -1 0 
1 0 0 1 0 
1 0 0 1 0 
1 0 0 1 0 
1 0 0 1 0 
1 0 0 1 0 
1 0 0 1 0 
1 0 0 1 0 
1 0 0 1 0 
1 6.2831853071795862 0 -1 0 
1 6.2831853071795871 0 -1 0 
1 6.2831853071795853 0 -1 0 
1 0 0 1 0 
1 6.2831853071795871 0 -1 0 
1 6.283185307179588 0 -1 0 
1 6.2831853071795853 0 -1 0 
1 0 0 1 0 
1 0 0 1 0 
1 0 0 1 0 
1 0 0 1 0 
1 0 0 1 0 
1 0 0 1 0 
1 0 0 1 0 
1 0 0 1 0 
1 6.2831853071795862 0 -1 0 
1 6.2831853071795871 0 -1 0 
1 6.2831853071795853 0 -1 0 
1 0 0 1 0 
1 6.2831853071795871 0 -1 0 
1 6.283185307179588 0 -1 0 
1 6.2831853071795853 0 -1 0 
1 0 0 1 0 
1 0 0 1 0 
1 0 0 1 0 
1 0 0 1 0 
1 0 0 1 0 
1 0 0 1 0 
1 0 0 1 0 
1 0 0 1 0 
1 6.2831853071795862 0 -1 0 
1 6.2831853071795871 0 -1 0 
1 6.2831853071795853 0 -1 0 
1 0 0 1 0 
Curves 226
2 4.6125485619999997 10 -2.9999998537000101 0 -1 0 -4.399103184989801e-08 0 0.99999999999999911 -0.99999999999999911 -0 -4.399103184989801e-08 0.50000003370000701
2 0.00168208829997196 10 -0.0016820882999759601 -0 1 0 0.54514868932688776 0 -0.83833937431399264 -0.83833937431399264 0 -0.54514868932688776 4.9999998808000399
2 3.00000036709999 10 -4.6125504746999999 0 -1 0 -0.54514770400472412 0 0.83834001504066225 -0.83834001504066225 -0 -0.54514770400472412 0.50000191709999398
1 2.4999984500000001 10 -2.6983892999951502 -0 -0 -1 
2 2.9999984358999998 10 -6.1810069250000002 0 -1 -0 -0.99999999999993883 0 -3.4996120589116894e-07 3.4996120589116894e-07 0 -0.99999999999993883 0.499999985900001
2 2.1944253530999802 10 -11.8237945306001 -0 1 0 0.61110864438533974 0 0.79154672935810466 0.79154672935810466 0 -0.61110864438533974 5.2000000100000596
2 -10.6388566932008 10 -28.446274897200901 -0 1 0 0.74096434885648521 0 0.67154436467271827 0.67154436467271827 0 -0.74096434885648521 26.199999572301198
2 9.1448912265000004 10 -10.516040781299999 0 -1 -0 -0.74096459192183717 0 -0.67154409648071922 0.67154409648071922 0 -0.74096459192183717 0.50000000069999995
1 10.184019052504 10 -10.184019737496 0.70710678118654757 0 0.70710678118654757 
2 10.5160394121 10 -9.1448925965000001 0 -1 0 0.70710659561840772 0 -0.70710696675463869 0.70710696675463869 0 0.70710659561840772 0.50000000019999802
2 28.4462735272005 10 10.6388553232003 0 1 0 -0.79154670632625024 0 -0.61110867421765913 -0.61110867421765913 0 0.79154670632625024 26.199999572300499
2 11.823793268999999 10 -2.1944266773000201 0 1 0 -0.98996273970079962 0 -0.14132860292271698 -0.14132860292271698 0 0.98996273970079962 5.20000012379995
2 6.1810055359999998 10 -2.9999998278 0 -1 0 0.98996271250621759 0 0.14132879341214294 -0.14132879341214294 0 0.98996271250621759 0.50000000779999898
1 2.69838852000112 10 -2.4999998200000002 -1 0 0 
2 -2.9999998537000101 10 -4.6125485619999997 0 -1 0 0.99999999999999911 0 4.399103184989801e-08 -4.399103184989801e-08 0 0.99999999999999911 0.50000003370000701
2 -0.0016820882999759601 10 -0.00168208829997196 0 1 0 -0.83833937431399264 0 -0.54514868932688776 -0.54514868932688776 0 0.83833937431399264 4.9999998808000399
2 -4.6125504746999999 10 -3.00000036709999 0 -1 0 0.83834001504066225 0 0.54514770400472412 -0.54514770400472412 0 0.83834001504066225 0.50000191709999398
1 -2.6983892999951502 10 -2.4999984500000001 -1 -0 0 
2 -6.1810069250000002 10 -2.9999984358999998 0 -1 0 -3.4996120589116894e-07 0 0.99999999999993883 -0.99999999999993883 -0 -3.4996120589116894e-07 0.499999985900001
2 -11.8237945306001 10 -2.1944253530999802 -0 1 0 0.79154672935810466 0 -0.61110864438533974 -0.61110864438533974 0 -0.79154672935810466 5.2000000100000596
2 -28.446274897200901 10 10.6388566932008 -0 1 0 0.67154436467271827 0 -0.74096434885648521 -0.74096434885648521 0 -0.67154436467271827 26.199999572301198
2 -10.516040781299999 10 -9.1448912265000004 0 -1 0 -0.67154409648071922 0 0.74096459192183717 -0.74096459192183717 -0 -0.67154409648071922 0.50000000069999995
1 -10.184019737496 10 -10.184019052504 0.70710678118654757 0 -0.70710678118654757 
2 -9.1448925965000001 10 -10.5160394121 0 -1 -0 -0.70710696675463869 0 -0.70710659561840772 0.70710659561840772 0 -0.70710696675463869 0.50000000019999802
2 10.6388553232003 10 -28.4462735272005 0 1 -0 -0.61110867421765913 0 0.79154670632625024 0.79154670632625024 0 0.61110867421765913 26.199999572300499
2 -2.1944266773000201 10 -11.823793268999999 0 1 -0 -0.14132860292271698 0 0.98996273970079962 0.98996273970079962 0 0.14132860292271698 5.20000012379995
2 -2.9999998278 10 -6.1810055359999998 0 -1 0 0.14132879341214294 0 -0.98996271250621759 0.98996271250621759 0 0.14132879341214294 0.50000000779999898
1 -2.4999998200000002 10 -2.69838852000112 0 0 1 
2 -4.6125485619999997 10 2.9999998537000101 0 -1 0 4.399103184989801e-08 0 -0.99999999999999911 0.99999999999999911 0 4.399103184989801e-08 0.50000003370000701
2 -0.00168208829997196 10 0.0016820882999759601 0 1 -0 -0.54514868932688776 0 0.83833937431399264 0.83833937431399264 0 0.54514868932688776 4.9999998808000399
2 -3.00000036709999 10 4.6125504746999999 0 -1 0 0.54514770400472412 0 -0.83834001504066225 0.83834001504066225 0 0.54514770400472412 0.50000191709999398
1 -2.4999984500000001 10 2.6983892999951502 -0 0 1 
2 -2.9999984358999998 10 6.1810069250000002 0 -1 0 0.99999999999993883 0 3.4996120589116894e-07 -3.4996120589116894e-07 0 0.99999999999993883 0.499999985900001
2 -2.1944253530999802 10 11.8237945306001 0 1 0 -0.61110864438533974 0 -0.79154672935810466 -0.79154672935810466 0 0.61110864438533974 5.2000000100000596
2 10.6388566932008 10 28.446274897200901 0 1 0 -0.74096434885648521 0 -0.67154436467271827 -0.67154436467271827 0 0.74096434885648521 26.199999572301198
2 -9.1448912265000004 10 10.516040781299999 0 -1 0 0.74096459192183717 0 0.67154409648071922 -0.67154409648071922 0 0.74096459192183717 0.50000000069999995
1 -10.184019052504 10 10.184019737496 -0.70710678118654757 -0 -0.70710678118654757 
2 -10.5160394121 10 9.1448925965000001 0 -1 0 -0.70710659561840772 0 0.70710696675463869 -0.70710696675463869 -0 -0.70710659561840772 0.50000000019999802
2 -28.4462735272005 10 -10.6388553232003 -0 1 0 0.79154670632625024 0 0.61110867421765913 0.61110867421765913 0 -0.79154670632625024 26.199999572300499
2 -11.823793268999999 10 2.1944266773000201 -0 1 0 0.98996273970079962 0 0.14132860292271698 0.14132860292271698 0 -0.98996273970079962 5.20000012379995
2 -6.1810055359999998 10 2.9999998278 0 -1 -0 -0.98996271250621759 0 -0.14132879341214294 0.14132879341214294 0 -0.98996271250621759 0.50000000779999898
1 -2.69838852000112 10 2.4999998200000002 1 0 0 
2 2.9999998537000101 10 4.6125485619999997 0 -1 -0 -0.99999999999999911 0 -4.399103184989801e-08 4.399103184989801e-08 0 -0.99999999999999911 0.50000003370000701
2 0.0016820882999759601 10 0.00168208829997196 -0 1 0 0.83833937431399264 0 0.54514868932688776 0.54514868932688776 0 -0.83833937431399264 4.9999998808000399
2 4.6125504746999999 10 3.00000036709999 0 -1 -0 -0.83834001504066225 0 -0.54514770400472412 0.54514770400472412 0 -0.83834001504066225 0.50000191709999398
1 2.6983892999951502 10 2.4999984500000001 1 0 0 
2 6.1810069250000002 10 2.9999984358999998 0 -1 0 3.4996120589116894e-07 0 -0.99999999999993883 0.99999999999993883 0 3.4996120589116894e-07 0.499999985900001
2 11.8237945306001 10 2.1944253530999802 0 1 -0 -0.79154672935810466 0 0.61110864438533974 0.61110864438533974 0 0.79154672935810466 5.2000000100000596
2 28.446274897200901 10 -10.6388566932008 0 1 -0 -0.67154436467271827 0 0.74096434885648521 0.74096434885648521 0 0.67154436467271827 26.199999572301198
2 10.516040781299999 10 9.1448912265000004 0 -1 0 0.67154409648071922 0 -0.74096459192183717 0.74096459192183717 0 0.67154409648071922 0.50000000069999995
1 10.184019737496 10 10.184019052504 -0.70710678118654757 0 0.70710678118654757 
2 9.1448925965000001 10 10.5160394121 0 -1 0 0.70710696675463869 0 0.70710659561840772 -0.70710659561840772 0 0.70710696675463869 0.50000000019999802
2 -10.6388553232003 10 28.4462735272005 -0 1 0 0.61110867421765913 0 -0.79154670632625024 -0.79154670632625024 0 -0.61110867421765913 26.199999572300499
2 2.1944266773000201 10 11.823793268999999 -0 1 0 0.14132860292271698 0 -0.98996273970079962 -0.98996273970079962 0 -0.14132860292271698 5.20000012379995
2 2.9999998278 10 6.1810055359999998 0 -1 0 -0.14132879341214294 0 0.98996271250621759 -0.98996271250621759 -0 -0.14132879341214294 0.50000000779999898
1 2.4999998200000002 10 2.69838852000112 -0 -0 -1 
2 12.136546276900001 10 -10.7063664791 0 -1 0 0.60915804781199823 0 0.79304884640599238 -0.79304884640599238 0 0.60915804781199823 0.49999998220000003
1 11.067902999999999 10 -11.067902999999999 -0.70710678118654757 -0 -0.70710678118654757 
2 10.7063681802 10 -12.1365462668 0 -1 0 -0.70710869458925318 0 0.70710486777866421 -0.70710486777866421 -0 -0.70710869458925318 0.50000117790000498
1 5.4488538916979303 10 -6.1127310956242402 0.60915893961159484 0 -0.79304816139455081 
2 8.0000006421000105 10 -14.6871472424 -0 1 0 0.999999999999997 0 7.8874919178917096e-08 7.8874919178917096e-08 0 -0.999999999999997 3.2000000078999902
1 11.20000065 10 -8.2467864950063596 -0 -0 -1 
2 11.700000652 10 -18.299998987999999 0 -1 -0 -1 0 -4.0509107017750401e-09 4.0509107017750401e-09 0 -1 0.50000000200000205
1 6.9250000749891401 10 -18.799998989999999 1 0 0 
2 15.9999996591 10 -15.999998999100001 0 -1 -0 -3.2655186597507899e-09 0 -1 1 0 -3.2655186597507899e-09 2.79999999089998
1 18.79999965 10 -6.9249997450113998 -0 0 1 
2 18.299999665000001 10 -11.700000165000001 0 -1 0 0.99999999999993883 0 3.4990883774354797e-07 -3.4990883774354797e-07 0 0.99999999999993883 0.49999998499999698
1 8.2467864449993495 10 -11.20000018 -1 0 0 
2 14.6871468968 10 -8.0000001590999901 0 1 0 -0.60915862315094638 0 -0.79304840447531544 -0.79304840447531544 0 0.60915862315094638 3.2000000209000099
1 6.1127309692058001 10 -5.4488535934361604 -0.79304816139454903 0 0.60915893961159695 
2 -10.7063664791 10 -12.136546276900001 0 -1 0 0.79304884640599238 0 -0.60915804781199823 0.60915804781199823 0 0.79304884640599238 0.49999998220000003
1 -11.067902999999999 10 -11.067902999999999 -0.70710678118654757 0 0.70710678118654757 
2 -12.1365462668 10 -10.7063681802 0 -1 0 0.70710486777866421 0 0.70710869458925318 -0.70710869458925318 0 0.70710486777866421 0.50000117790000498
1 -6.1127310956242402 10 -5.4488538916979303 -0.79304816139455081 -0 -0.60915893961159484 
2 -14.6871472424 10 -8.0000006421000105 -0 1 0 7.8874919178917096e-08 0 -0.999999999999997 -0.999999999999997 0 -7.8874919178917096e-08 3.2000000078999902
1 -8.2467864950063703 10 -11.20000065 -1 -0 0 
2 -18.299998987999999 10 -11.700000652 0 -1 0 -4.0509107017750401e-09 0 1 -1 -0 -4.0509107017750401e-09 0.50000000200000205
1 -18.799998989999999 10 -6.9250000749891401 -0 -0 -1 
2 -15.999998999100001 10 -15.9999996591 0 -1 0 -1 0 3.2655186597507899e-09 -3.2655186597507899e-09 -0 -1 2.79999999089998
1 -6.9249997450113998 10 -18.79999965 1 0 0 
2 -11.700000165000001 10 -18.299999665000001 0 -1 0 3.4990883774354797e-07 0 -0.99999999999993883 0.99999999999993883 0 3.4990883774354797e-07 0.49999998499999698
1 -11.20000018 10 -8.2467864449993495 0 0 1 
2 -8.0000001590999901 10 -14.6871468968 0 1 -0 -0.79304840447531544 0 0.60915862315094638 0.60915862315094638 0 0.79304840447531544 3.2000000209000099
1 -5.4488535934361604 10 -6.1127309692058001 0.60915893961159695 0 0.79304816139454903 
2 -12.136546276900001 10 10.7063664791 0 -1 -0 -0.60915804781199823 0 -0.79304884640599238 0.79304884640599238 0 -0.60915804781199823 0.49999998220000003
1 -11.067902999999999 10 11.067902999999999 0.70710678118654757 0 0.70710678118654757 
2 -10.7063681802 10 12.1365462668 0 -1 0 0.70710869458925318 0 -0.70710486777866421 0.70710486777866421 0 0.70710869458925318 0.50000117790000498
1 -5.4488538916979303 10 6.1127310956242402 -0.60915893961159484 0 0.79304816139455081 
2 -8.0000006421000105 10 14.6871472424 0 1 0 -0.999999999999997 0 -7.8874919178917096e-08 -7.8874919178917096e-08 0 0.999999999999997 3.2000000078999902
1 -11.20000065 10 8.2467864950063596 -0 0 1 
2 -11.700000652 10 18.299998987999999 0 -1 0 1 0 4.0509107017750401e-09 -4.0509107017750401e-09 0 1 0.50000000200000205
1 -6.9250000749891401 10 18.799998989999999 -1 0 0 
2 -15.9999996591 10 15.999998999100001 0 -1 0 3.2655186597507899e-09 0 1 -1 0 3.2655186597507899e-09 2.79999999089998
1 -18.79999965 10 6.9249997450113998 -0 -0 -1 
2 -18.299999665000001 10 11.700000165000001 0 -1 -0 -0.99999999999993883 0 -3.4990883774354797e-07 3.4990883774354797e-07 0 -0.99999999999993883 0.49999998499999698
1 -8.2467864449993495 10 11.20000018 1 0 0 
2 -14.6871468968 10 8.0000001590999901 -0 1 0 0.60915862315094638 0 0.79304840447531544 0.79304840447531544 0 -0.60915862315094638 3.2000000209000099
1 -6.1127309692058098 10 5.4488535934361604 0.79304816139454903 0 -0.60915893961159695 
2 10.7063664791 10 12.136546276900001 0 -1 0 -0.79304884640599238 0 0.60915804781199823 -0.60915804781199823 -0 -0.79304884640599238 0.49999998220000003
1 11.067902999999999 10 11.067902999999999 0.70710678118654757 0 -0.70710678118654757 
2 12.1365462668 10 10.7063681802 0 -1 -0 -0.70710486777866421 0 -0.70710869458925318 0.70710869458925318 0 -0.70710486777866421 0.50000117790000498
1 6.1127310956242402 10 5.4488538916979303 0.79304816139455081 0 0.60915893961159484 
2 14.6871472424 10 8.0000006421000105 0 1 -0 -7.8874919178917096e-08 0 0.999999999999997 0.999999999999997 0 7.8874919178917096e-08 3.2000000078999902
1 8.2467864950063596 10 11.20000065 1 0 0 
2 18.299998987999999 10 11.700000652 0 -1 0 4.0509107017750401e-09 0 -1 1 0 4.0509107017750401e-09 0.50000000200000205
1 18.799998989999999 10 6.9250000749891401 -0 0 1 
2 15.999998999100001 10 15.9999996591 0 -1 0 1 0 -3.2655186597507899e-09 3.2655186597507899e-09 0 1 2.79999999089998
1 6.92499974501139 10 18.79999965 -1 0 0 
2 11.700000165000001 10 18.299999665000001 0 -1 0 -3.4990883774354797e-07 0 0.99999999999993883 -0.99999999999993883 -0 -3.4990883774354797e-07 0.49999998499999698
1 11.20000018 10 8.2467864449993495 -0 -0 -1 
2 8.0000001590999901 10 14.6871468968 -0 1 0 0.79304840447531544 0 -0.60915862315094638 -0.60915862315094638 0 -0.79304840447531544 3.2000000209000099
1 5.4488535934361604 10 6.1127309692058001 -0.60915893961159695 -0 -0.79304816139454903 
2 0 10 0 0 -1 0 1 0 0 -0 0 1 3.3999999999999999
2 0 10 0 0 -1 0 1 0 0 -0 0 1 3.3999999999999999
2 5.4999998861000003 10 -18.499999993900001 0 1 -0 -1 0 -4.0509074448508003e-09 -4.0509074448508003e-09 0 1 1.5000000061000001
1 3.9999998799999998 10 -8.7500000000122693 -0 0 1 
2 4.9999998841000002 10 -16.500000004099999 0 1 -0 -4.0509089250131303e-09 0 1 1 0 4.0509089250131303e-09 1.0000000040999999
1 2.8749999400063602 10 -15.5 1 0 0 
2 6.4999998779999997 10 -16.000000002 -0 1 0 1 0 4.0509098135966303e-09 4.0509098135966303e-09 0 -1 0.50000000200000105
1 6.9999998799999998 10 -8.3750000000063594 -0 -0 -1 
2 7.499999882 10 -17.499999998 0 -1 -0 -1 0 -4.0509098135966303e-09 4.0509098135966303e-09 0 -1 0.50000000200000105
2 7.4999998698999999 10 -15.499999989899999 0 -1 0 4.05090892525618e-09 0 -1 1 0 4.05090892525618e-09 2.5000000100999999
1 9.9999998800000007 10 -7.5696067499890098 -0 0 1 
2 7.9999998237999996 10 -14.778427027999999 0 -1 0 1 0 1.4021974742540301e-08 -1.4021974742540301e-08 0 1 2.0000000562000002
1 2.60894724976737 10 -6.5589457179605697 -0.7071067016047291 0 0.70710686076835716 
2 2.1431464263000102 10 -11.749999621900001 0 -1 0 0.70710676016430818 0 0.70710680220878619 -0.70710680220878619 0 0.70710676016430818 3.9999999618999702
1 2.2999854865091199e-07 10 -7.7499996600000003 -1 0 0 
2 -2.1431455062999998 10 -11.749999621900001 0 -1 0 -8.4264492853297696e-09 0 1 -1 -0 -8.4264492853297696e-09 3.9999999619000102
1 -2.60894655976487 10 -6.5589459479581098 -0.7071067016047291 -0 -0.70710686076835716 
2 -7.9999989038000097 10 -14.778427027999999 0 -1 0 -0.707106788237154 0 0.70710677413594103 -0.70710677413594103 -0 -0.707106788237154 2.00000005619999
1 -9.9999989599999992 10 -7.5696067500068196 -0 -0 -1 
2 -7.4999989499000002 10 -15.499999989899999 0 -1 -0 -1 0 -4.0509071488993596e-09 4.0509071488993596e-09 0 -1 2.5000000100999999
2 -7.4999987020000001 10 -17.499999998 0 -1 0 4.4405190635658323e-07 0 -0.99999999999990141 0.99999999999990141 0 4.4405190635658323e-07 0.50000000200000205
1 -6.9999986999999999 10 -8.3749999999936406 -0 0 1 
2 -6.4999986979999997 10 -16.000000002 -0 1 0 4.3594834589969798e-07 0 0.99999999999990496 0.99999999999990496 0 -4.3594834589969798e-07 0.50000000199999695
1 -2.87499924001215 10 -15.5 1 0 0 
2 -4.9999987041000002 10 -16.500000004099999 -0 1 0 1 0 4.0509084809239197e-09 4.0509084809239197e-09 0 -1 1.0000000040999999
1 -3.9999986999999999 10 -8.7499999999984208 -0 -0 -1 
2 -5.5000007033999996 10 -18.499997996600001 -0 1 0 3.8892742580551584e-07 0 -0.9999999999999245 -0.9999999999999245 0 -3.8892742580551584e-07 1.5000020033999999
1 -16 10 -20 1 0 0 
2 -16 10 -16 0 -1 0 -1 0 2.2204460492503101e-16 -2.2204460492503101e-16 -0 -1 4
1 -20 10 16 0 0 -1 
2 -18.499999993900001 10 -5.4999998861000003 -0 1 0 -4.0509074448508003e-09 -0 1 1 0 4.0509074448508003e-09 1.5000000061000001
1 -8.7500000000122693 10 -3.9999998799999998 1 0 0 
2 -16.500000004099999 10 -4.9999998841000002 -0 1 0 1 0 4.0509089250131303e-09 4.0509089250131303e-09 0 -1 1.0000000040999999
1 -15.5 10 -2.8749999400063602 -0 -0 -1 
2 -16.000000002 10 -6.4999998779999997 -0 1 0 4.0509098135966303e-09 0 -1 -1 0 -4.0509098135966303e-09 0.50000000200000105
1 -8.3750000000063594 10 -6.9999998799999998 -1 0 0 
2 -17.499999998 10 -7.499999882 0 -1 0 -4.0509098135966303e-09 0 1 -1 -0 -4.0509098135966303e-09 0.50000000200000105
2 -15.499999989899999 10 -7.4999998698999999 0 -1 -0 -1 0 -4.05090892525618e-09 4.05090892525618e-09 0 -1 2.5000000100999999
1 -7.5696067499890098 10 -9.9999998800000007 1 0 0 
2 -14.778427027999999 10 -7.9999998237999996 0 -1 0 1.4021974742540301e-08 0 -1 1 0 1.4021974742540301e-08 2.0000000562000002
1 -6.5589457179605697 10 -2.6089472497673798 0.70710686076835716 0 0.7071067016047291 
2 -11.749999621900001 10 -2.1431464263000102 0 -1 0 0.70710680220878619 0 -0.70710676016430818 0.70710676016430818 0 0.70710680220878619 3.9999999618999702
1 -7.7499996600000003 10 -2.2999855042726801e-07 -0 0 1 
2 -11.749999621900001 10 2.1431455062999998 0 -1 0 1 0 8.4264492853297696e-09 -8.4264492853297696e-09 0 1 3.9999999619000102
1 -6.5589459479581098 10 2.60894655976487 -0.70710686076835716 0 0.7071067016047291 
2 -14.778427027999999 10 7.9999989038000097 0 -1 0 0.70710677413594103 0 0.707106788237154 -0.707106788237154 0 0.70710677413594103 2.00000005619999
1 -7.5696067500068196 10 9.9999989599999992 -1 0 0 
2 -15.499999989899999 10 7.4999989499000002 0 -1 0 -4.0509071488993596e-09 0 1 -1 -0 -4.0509071488993596e-09 2.5000000100999999
2 -17.499999998 10 7.4999987020000001 0 -1 -0 -0.99999999999990141 0 -4.4405190635658323e-07 4.4405190635658323e-07 0 -0.99999999999990141 0.50000000200000205
1 -8.3749999999936406 10 6.9999986999999999 1 0 0 
2 -16.000000002 10 6.4999986979999997 -0 1 0 0.99999999999990496 0 -4.3594834589969798e-07 -4.3594834589969798e-07 0 -0.99999999999990496 0.50000000199999695
1 -15.5 10 2.87499924001215 -0 -0 -1 
2 -16.500000004099999 10 4.9999987041000002 -0 1 0 4.0509084809239197e-09 0 -1 -1 0 -4.0509084809239197e-09 1.0000000040999999
1 -8.7499999999984208 10 3.9999986999999999 -1 0 0 
2 -18.499997996600001 10 5.5000007033999996 0 1 0 -0.9999999999999245 0 -3.8892742580551584e-07 -3.8892742580551584e-07 0 0.9999999999999245 1.5000020033999999
1 -20 10 16 0 0 -1 
2 -16 10 16 0 -1 0 -1.11022302462515e-15 0 1 -1 -0 -1.11022302462515e-15 4.0000000000000098
1 16 10 20 -1 0 0 
2 -5.4999998861000003 10 18.499999993900001 -0 1 0 1 0 4.0509074448508003e-09 4.0509074448508003e-09 0 -1 1.5000000061000001
1 -3.9999998799999998 10 8.7500000000122693 -0 -0 -1 
2 -4.9999998841000002 10 16.500000004099999 -0 1 0 4.0509089250131303e-09 0 -1 -1 0 -4.0509089250131303e-09 1.0000000040999999
1 -2.8749999400063699 10 15.5 -1 -0 0 
2 -6.4999998779999997 10 16.000000002 0 1 0 -1 0 -4.0509098135966303e-09 -4.0509098135966303e-09 0 1 0.50000000200000105
1 -6.9999998799999998 10 8.3750000000063594 0 0 1 
2 -7.499999882 10 17.499999998 0 -1 0 1 0 4.0509098135966303e-09 -4.0509098135966303e-09 0 1 0.50000000200000105
2 -7.4999998698999999 10 15.499999989899999 0 -1 0 -4.05090892525618e-09 0 1 -1 -0 -4.05090892525618e-09 2.5000000100999999
1 -9.9999998800000007 10 7.5696067499890098 -0 -0 -1 
2 -7.9999998237999996 10 14.778427027999999 0 -1 -0 -1 0 -1.4021974742540301e-08 1.4021974742540301e-08 0 -1 2.0000000562000002
1 -2.6089472497673798 10 6.5589457179605697 0.7071067016047291 0 -0.70710686076835716 
2 -2.1431464263000102 10 11.749999621900001 0 -1 -0 -0.70710676016430818 0 -0.70710680220878619 0.70710680220878619 0 -0.70710676016430818 3.9999999618999702
1 -2.2999855220362501e-07 10 7.7499996600000003 1 0 0 
2 2.1431455062999998 10 11.749999621900001 0 -1 0 8.4264492853297696e-09 0 -1 1 0 8.4264492853297696e-09 3.9999999619000102
1 2.60894655976487 10 6.5589459479581098 0.7071067016047291 0 0.70710686076835716 
2 7.9999989038000097 10 14.778427027999999 0 -1 0 0.707106788237154 0 -0.70710677413594103 0.70710677413594103 0 0.707106788237154 2.00000005619999
1 9.9999989599999992 10 7.5696067500068196 0 0 1 
2 7.4999989499000002 10 15.499999989899999 0 -1 0 1 0 4.0509071488993596e-09 -4.0509071488993596e-09 0 1 2.5000000100999999
2 7.4999987020000001 10 17.499999998 0 -1 0 -4.4405190635658323e-07 0 0.99999999999990141 -0.99999999999990141 -0 -4.4405190635658323e-07 0.50000000200000205
1 6.9999986999999999 10 8.3749999999936406 -0 -0 -1 
2 6.4999986979999997 10 16.000000002 0 1 0 -4.3594834589969798e-07 0 -0.99999999999990496 -0.99999999999990496 0 4.3594834589969798e-07 0.50000000199999695
1 2.87499924001215 10 15.5 -1 -0 0 
2 4.9999987041000002 10 16.500000004099999 0 1 0 -1 0 -4.0509084809239197e-09 -4.0509084809239197e-09 0 1 1.0000000040999999
1 3.9999986999999999 10 8.7499999999984208 0 0 1 
2 5.5000007033999996 10 18.499997996600001 0 1 -0 -3.8892742580551584e-07 0 0.9999999999999245 0.9999999999999245 0 3.8892742580551584e-07 1.5000020033999999
1 16 10 20 -1 0 0 
2 16 10 16 0 -1 0 1 0 1.7763568394002501e-15 -1.7763568394002501e-15 0 1 4.0000000000000098
1 20 10 -16 0 0 1 
2 18.499999993900001 10 5.4999998861000003 0 1 -0 4.0509074448508003e-09 -0 -1 -1 0 -4.0509074448508003e-09 1.5000000061000001
1 8.7500000000122693 10 3.9999998799999998 -1 0 0 
2 16.500000004099999 10 4.9999998841000002 0 1 0 -1 0 -4.0509089250131303e-09 -4.0509089250131303e-09 0 1 1.0000000040999999
1 15.5 10 2.8749999400063602 -0 0 1 
2 16.000000002 10 6.4999998779999997 0 1 -0 -4.0509098135966303e-09 0 1 1 0 4.0509098135966303e-09 0.50000000200000105
1 8.3750000000063594 10 6.9999998799999998 1 0 0 
2 17.499999998 10 7.499999882 0 -1 0 4.0509098135966303e-09 0 -1 1 0 4.0509098135966303e-09 0.50000000200000105
2 15.499999989899999 10 7.4999998698999999 0 -1 0 1 0 4.05090892525618e-09 -4.05090892525618e-09 0 1 2.5000000100999999
1 7.5696067499890098 10 9.9999998800000007 -1 0 0 
2 14.778427027999999 10 7.9999998237999996 0 -1 0 -1.4021974742540301e-08 0 1 -1 -0 -1.4021974742540301e-08 2.0000000562000002
1 6.5589457179605697 10 2.60894724976737 -0.70710686076835716 -0 -0.7071067016047291 
2 11.749999621900001 10 2.1431464263000102 0 -1 0 -0.70710680220878619 0 0.70710676016430818 -0.70710676016430818 -0 -0.70710680220878619 3.9999999618999702
1 7.7499996600000003 10 2.2999855042726801e-07 -0 -0 -1 
2 11.749999621900001 10 -2.1431455062999998 0 -1 -0 -1 0 -8.4264492853297696e-09 8.4264492853297696e-09 0 -1 3.9999999619000102
1 6.5589459479581098 10 -2.60894655976487 0.70710686076835716 0 -0.7071067016047291 
2 14.778427027999999 10 -7.9999989038000097 0 -1 -0 -0.70710677413594103 0 -0.707106788237154 0.707106788237154 0 -0.70710677413594103 2.00000005619999
1 7.5696067500068196 10 -9.9999989599999992 1 0 0 
2 15.499999989899999 10 -7.4999989499000002 0 -1 0 4.0509071488993596e-09 0 -1 1 0 4.0509071488993596e-09 2.5000000100999999
2 17.499999998 10 -7.4999987020000001 0 -1 0 0.99999999999990141 0 4.4405190635658323e-07 -4.4405190635658323e-07 0 0.99999999999990141 0.50000000200000205
1 8.3749999999936406 10 -6.9999986999999999 -1 0 0 
2 16.000000002 10 -6.4999986979999997 0 1 -0 -0.99999999999990496 0 4.3594834589969798e-07 4.3594834589969798e-07 0 0.99999999999990496 0.50000000199999695
1 15.5 10 -2.87499924001215 -0 0 1 
2 16.500000004099999 10 -4.9999987041000002 0 1 -0 -4.0509084809239197e-09 0 1 1 0 4.0509084809239197e-09 1.0000000040999999
1 8.7499999999984208 10 -3.9999986999999999 1 0 0 
2 18.499997996600001 10 -5.5000007033999996 -0 1 0 0.9999999999999245 0 3.8892742580551584e-07 3.8892742580551584e-07 0 -0.9999999999999245 1.5000020033999999
1 20 10 -16 0 0 1 
2 16 10 -16 0 -1 0 0 0 -1 1 0 0 4
1 -16 10 -20 1 0 0 
Polygon3D 0
PolygonOnTriangulations 452
5 7 8 9 10 1 
p 0.166666666666667 1 0 0.248557441818755 0.49711488363751 0.745672325456265 0.99422976727502 
5 1 3 4 5 2 
p 0.133333333333333 1 0 0.248557441818755 0.49711488363751 0.745672325456265 0.99422976727502 
4 1 3 4 2 
p 0.166666666666667 1 5.86552191287781 6.00474304431174 6.14396417574566 6.28318530717959 
4 2 7 8 6 
p 0.133333333333333 1 5.86552191287781 6.00474304431174 6.14396417574566 6.28318530717959 
5 7 8 9 10 1 
p 0.166666666666667 1 0 0.248557571619219 0.497115143238438 0.745672714857658 0.994230286476877 
5 6 10 11 12 9 
p 0.133333333333333 1 0 0.248557571619219 0.497115143238438 0.745672714857658 0.994230286476877 
2 1 2 
p 0.166666666666667 1 1.91416080000485 3.48261779998545 
2 9 13 
p 0.133333333333333 1 1.91416080000485 3.48261779998545 
7 9 10 11 12 13 14 1 
p 0.166666666666667 1 0 0.238165410365827 0.476330820731654 0.714496231097481 0.952661641463308 1.19082705182914 1.42899246219496 
7 13 15 16 17 18 19 14 
p 0.133333333333333 1 0 0.238165410365827 0.476330820731654 0.714496231097481 0.952661641463308 1.19082705182914 1.42899246219496 
4 1 3 4 2 
p 0.166666666666667 1 5.76752822160047 5.93941391679351 6.11129961198655 6.28318530717959 
4 14 21 22 20 
p 0.133333333333333 1 5.76752822160047 5.93941391679351 6.11129961198655 6.28318530717959 
4 1 3 4 2 
p 0.166666666666667 1 6.10614054533315 6.16515546594863 6.22417038656411 6.28318530717959 
4 20 24 25 23 
p 0.133333333333333 1 6.10614054533315 6.16515546594863 6.22417038656411 6.28318530717959 
8 10 11 12 13 14 15 16 1 
p 0.166666666666667 1 0 0.231414860895816 0.462829721791631 0.694244582687447 0.925659443583262 1.15707430447908 1.38848916537489 1.61990402627071 
8 23 27 28 29 30 31 32 26 
p 0.133333333333333 1 0 0.231414860895816 0.462829721791631 0.694244582687447 0.925659443583262 1.15707430447908 1.38848916537489 1.61990402627071 
2 1 2 
p 0.166666666666667 1 -0.969548533184176 0.969547564459099 
2 26 33 
p 0.133333333333333 1 -0.969548533184176 0.969547564459099 
8 10 11 12 13 14 15 16 1 
p 0.166666666666667 1 0 0.231414861241191 0.462829722482382 0.694244583723572 0.925659444964763 1.15707430620595 1.38848916744714 1.61990402868834 
8 33 35 36 37 38 39 40 34 
p 0.133333333333333 1 0 0.231414861241191 0.462829722482382 0.694244583723572 0.925659444964763 1.15707430620595 1.38848916744714 1.61990402868834 
4 1 3 4 2 
p 0.166666666666667 1 6.10614054533314 6.16515546594862 6.22417038656411 6.28318530717959 
4 34 42 43 41 
p 0.133333333333333 1 6.10614054533314 6.16515546594862 6.22417038656411 6.28318530717959 
4 1 3 4 2 
p 0.166666666666667 1 5.76752823314407 5.93941392448924 6.11129961583441 6.28318530717959 
4 41 45 46 44 
p 0.133333333333333 1 5.76752823314407 5.93941392448924 6.11129961583441 6.28318530717959 
7 9 10 11 12 13 14 1 
p 0.166666666666667 1 0 0.238165461023295 0.47633092204659 0.714496383069884 0.952661844093179 1.19082730511647 1.42899276613977 
7 44 48 49 50 51 52 47 
p 0.133333333333333 1 0 0.238165461023295 0.47633092204659 0.714496383069884 0.952661844093179 1.19082730511647 1.42899276613977 
2 1 2 
p 0.166666666666667 1 -3.48261701999888 -1.91416002000337 
2 47 1 
p 0.133333333333333 1 -3.48261701999888 -1.91416002000337 
5 7 8 9 10 1 
p 0.166666666666667 1 0 0.248557441818755 0.49711488363751 0.745672325456265 0.99422976727502 
5 53 55 56 57 54 
p 0.133333333333333 1 0 0.248557441818755 0.49711488363751 0.745672325456265 0.99422976727502 
4 1 3 4 2 
p 0.166666666666667 1 5.86552191287781 6.00474304431174 6.14396417574566 6.28318530717959 
4 54 59 60 58 
p 0.133333333333333 1 5.86552191287781 6.00474304431174 6.14396417574566 6.28318530717959 
5 7 8 9 10 1 
p 0.166666666666667 1 0 0.248557571619219 0.497115143238438 0.745672714857658 0.994230286476877 
5 58 62 63 64 61 
p 0.133333333333333 1 0 0.248557571619219 0.497115143238438 0.745672714857658 0.994230286476877 
2 1 2 
p 0.166666666666667 1 1.91416080000485 3.48261779998545 
2 61 65 
p 0.133333333333333 1 1.91416080000485 3.48261779998545 
7 9 10 11 12 13 14 1 
p 0.166666666666667 1 0 0.238165410365827 0.476330820731654 0.714496231097481 0.952661641463308 1.19082705182914 1.42899246219496 
7 65 67 68 69 70 71 66 
p 0.133333333333333 1 0 0.238165410365827 0.476330820731654 0.714496231097481 0.952661641463308 1.19082705182914 1.42899246219496 
4 1 3 4 2 
p 0.166666666666667 1 5.76752822160047 5.93941391679351 6.11129961198655 6.28318530717959 
4 66 73 74 72 
p 0.133333333333333 1 5.76752822160047 5.93941391679351 6.11129961198655 6.28318530717959 
4 1 3 4 2 
p 0.166666666666667 1 6.10614054533315 6.16515546594863 6.22417038656411 6.28318530717959 
4 72 76 77 75 
p 0.133333333333333 1 6.10614054533315 6.16515546594863 6.22417038656411 6.28318530717959 
8 10 11 12 13 14 15 16 1 
p 0.166666666666667 1 0 0.231414860895816 0.462829721791631 0.694244582687447 0.925659443583262 1.15707430447908 1.38848916537489 1.61990402627071 
8 75 79 80 81 82 83 84 78 
p 0.133333333333333 1 0 0.231414860895816 0.462829721791631 0.694244582687447 0.925659443583262 1.15707430447908 1.38848916537489 1.61990402627071 
2 1 2 
p 0.166666666666667 1 -0.969548533184176 0.969547564459099 
2 78 85 
p 0.133333333333333 1 -0.969548533184176 0.969547564459099 
8 10 11 12 13 14 15 16 1 
p 0.166666666666667 1 0 0.231414861241191 0.462829722482382 0.694244583723572 0.925659444964763 1.15707430620595 1.38848916744714 1.61990402868834 
8 85 87 88 89 90 91 92 86 
p 0.133333333333333 1 0 0.231414861241191 0.462829722482382 0.694244583723572 0.925659444964763 1.15707430620595 1.38848916744714 1.61990402868834 
4 1 3 4 2 
p 0.166666666666667 1 6.10614054533314 6.16515546594862 6.22417038656411 6.28318530717959 
4 86 94 95 93 
p 0.133333333333333 1 6.10614054533314 6.16515546594862 6.22417038656411 6.28318530717959 
4 1 3 4 2 
p 0.166666666666667 1 5.76752823314407 5.93941392448924 6.11129961583441 6.28318530717959 
4 93 97 98 96 
p 0.133333333333333 1 5.76752823314407 5.93941392448924 6.11129961583441 6.28318530717959 
7 9 10 11 12 13 14 1 
p 0.166666666666667 1 0 0.238165461023295 0.47633092204659 0.714496383069884 0.952661844093179 1.19082730511647 1.42899276613977 
7 96 100 101 102 103 104 99 
p 0.133333333333333 1 0 0.238165461023295 0.47633092204659 0.714496383069884 0.952661844093179 1.19082730511647 1.42899276613977 
2 1 2 
p 0.166666666666667 1 -3.48261701999888 -1.91416002000337 
2 99 53 
p 0.133333333333333 1 -3.48261701999888 -1.91416002000337 
5 7 8 9 10 1 
p 0.166666666666667 1 0 0.248557441818755 0.49711488363751 0.745672325456265 0.99422976727502 
5 105 107 108 109 106 
p 0.133333333333333 1 0 0.248557441818755 0.49711488363751 0.745672325456265 0.99422976727502 
4 1 3 4 2 
p 0.166666666666667 1 5.86552191287781 6.00474304431174 6.14396417574566 6.28318530717959 
4 106 111 112 110 
p 0.133333333333333 1 5.86552191287781 6.00474304431174 6.14396417574566 6.28318530717959 
5 7 8 9 10 1 
p 0.166666666666667 1 0 0.248557571619219 0.497115143238438 0.745672714857658 0.994230286476877 
5 110 114 115 116 113 
p 0.133333333333333 1 0 0.248557571619219 0.497115143238438 0.745672714857658 0.994230286476877 
2 1 2 
p 0.166666666666667 1 1.91416080000485 3.48261779998545 
2 113 117 
p 0.133333333333333 1 1.91416080000485 3.48261779998545 
7 9 10 11 12 13 14 1 
p 0.166666666666667 1 0 0.238165410365827 0.476330820731654 0.714496231097481 0.952661641463308 1.19082705182914 1.42899246219496 
7 117 119 120 121 122 123 118 
p 0.133333333333333 1 0 0.238165410365827 0.476330820731654 0.714496231097481 0.952661641463308 1.19082705182914 1.42899246219496 
4 1 3 4 2 
p 0.166666666666667 1 5.76752822160047 5.93941391679351 6.11129961198655 6.28318530717959 
4 118 125 126 124 
p 0.133333333333333 1 5.76752822160047 5.93941391679351 6.11129961198655 6.28318530717959 
4 1 3 4 2 
p 0.166666666666667 1 6.10614054533315 6.16515546594863 6.22417038656411 6.28318530717959 
4 124 128 129 127 
p 0.133333333333333 1 6.10614054533315 6.16515546594863 6.22417038656411 6.28318530717959 
8 10 11 12 13 14 15 16 1 
p 0.166666666666667 1 0 0.231414860895816 0.462829721791631 0.694244582687447 0.925659443583262 1.15707430447908 1.38848916537489 1.61990402627071 
8 127 131 132 133 134 135 136 130 
p 0.133333333333333 1 0 0.231414860895816 0.462829721791631 0.694244582687447 0.925659443583262 1.15707430447908 1.38848916537489 1.61990402627071 
2 1 2 
p 0.166666666666667 1 -0.969548533184176 0.969547564459099 
2 130 137 
p 0.133333333333333 1 -0.969548533184176 0.969547564459099 
8 10 11 12 13 14 15 16 1 
p 0.166666666666667 1 0 0.231414861241191 0.462829722482382 0.694244583723572 0.925659444964763 1.15707430620595 1.38848916744714 1.61990402868834 
8 137 139 140 141 142 143 144 138 
p 0.133333333333333 1 0 0.231414861241191 0.462829722482382 0.694244583723572 0.925659444964763 1.15707430620595 1.38848916744714 1.61990402868834 
4 1 3 4 2 
p 0.166666666666667 1 6.10614054533314 6.16515546594862 6.22417038656411 6.28318530717959 
4 138 146 147 145 
p 0.133333333333333 1 6.10614054533314 6.16515546594862 6.22417038656411 6.28318530717959 
4 1 3 4 2 
p 0.166666666666667 1 5.76752823314407 5.93941392448924 6.11129961583441 6.28318530717959 
4 145 149 150 148 
p 0.133333333333333 1 5.76752823314407 5.93941392448924 6.11129961583441 6.28318530717959 
7 9 10 11 12 13 14 1 
p 0.166666666666667 1 0 0.238165461023295 0.47633092204659 0.714496383069884 0.952661844093179 1.19082730511647 1.42899276613977 
7 148 152 153 154 155 156 151 
p 0.133333333333333 1 0 0.238165461023295 0.47633092204659 0.714496383069884 0.952661844093179 1.19082730511647 1.42899276613977 
2 1 2 
p 0.166666666666667 1 -3.48261701999888 -1.91416002000337 
2 151 105 
p 0.133333333333333 1 -3.48261701999888 -1.91416002000337 
5 7 8 9 10 1 
p 0.166666666666667 1 0 0.248557441818755 0.49711488363751 0.745672325456265 0.99422976727502 
5 157 159 160 161 158 
p 0.133333333333333 1 0 0.248557441818755 0.49711488363751 0.745672325456265 0.99422976727502 
4 1 3 4 2 
p 0.166666666666667 1 5.86552191287781 6.00474304431174 6.14396417574566 6.28318530717959 
4 158 163 164 162 
p 0.133333333333333 1 5.86552191287781 6.00474304431174 6.14396417574566 6.28318530717959 
5 7 8 9 10 1 
p 0.166666666666667 1 0 0.248557571619219 0.497115143238438 0.745672714857658 0.994230286476877 
5 162 166 167 168 165 
p 0.133333333333333 1 0 0.248557571619219 0.497115143238438 0.745672714857658 0.994230286476877 
2 1 2 
p 0.166666666666667 1 1.91416080000485 3.48261779998545 
2 165 169 
p 0.133333333333333 1 1.91416080000485 3.48261779998545 
7 9 10 11 12 13 14 1 
p 0.166666666666667 1 0 0.238165410365827 0.476330820731654 0.714496231097481 0.952661641463308 1.19082705182914 1.42899246219496 
7 169 171 172 173 174 175 170 
p 0.133333333333333 1 0 0.238165410365827 0.476330820731654 0.714496231097481 0.952661641463308 1.19082705182914 1.42899246219496 
4 1 3 4 2 
p 0.166666666666667 1 5.76752822160047 5.93941391679351 6.11129961198655 6.28318530717959 
4 170 177 178 176 
p 0.133333333333333 1 5.76752822160047 5.93941391679351 6.11129961198655 6.28318530717959 
4 1 3 4 2 
p 0.166666666666667 1 6.10614054533315 6.16515546594863 6.22417038656411 6.28318530717959 
4 176 180 181 179 
p 0.133333333333333 1 6.10614054533315 6.16515546594863 6.22417038656411 6.28318530717959 
8 10 11 12 13 14 15 16 1 
p 0.166666666666667 1 0 0.231414860895816 0.462829721791631 0.694244582687447 0.925659443583262 1.15707430447908 1.38848916537489 1.61990402627071 
8 179 183 184 185 186 187 188 182 
p 0.133333333333333 1 0 0.231414860895816 0.462829721791631 0.694244582687447 0.925659443583262 1.15707430447908 1.38848916537489 1.61990402627071 
2 1 2 
p 0.166666666666667 1 -0.969548533184176 0.969547564459099 
2 182 189 
p 0.133333333333333 1 -0.969548533184176 0.969547564459099 
8 10 11 12 13 14 15 16 1 
p 0.166666666666667 1 0 0.231414861241191 0.462829722482382 0.694244583723572 0.925659444964763 1.15707430620595 1.38848916744714 1.61990402868834 
8 189 191 192 193 194 195 196 190 
p 0.133333333333333 1 0 0.231414861241191 0.462829722482382 0.694244583723572 0.925659444964763 1.15707430620595 1.38848916744714 1.61990402868834 
4 1 3 4 2 
p 0.166666666666667 1 6.10614054533314 6.16515546594862 6.22417038656411 6.28318530717959 
4 190 198 199 197 
p 0.133333333333333 1 6.10614054533314 6.16515546594862 6.22417038656411 6.28318530717959 
4 1 3 4 2 
p 0.166666666666667 1 5.76752823314407 5.93941392448924 6.11129961583441 6.28318530717959 
4 197 201 202 200 
p 0.133333333333333 1 5.76752823314407 5.93941392448924 6.11129961583441 6.28318530717959 
7 9 10 11 12 13 14 1 
p 0.166666666666667 1 0 0.238165461023295 0.47633092204659 0.714496383069884 0.952661844093179 1.19082730511647 1.42899276613977 
7 200 204 205 206 207 208 203 
p 0.133333333333333 1 0 0.238165461023295 0.47633092204659 0.714496383069884 0.952661844093179 1.19082730511647 1.42899276613977 
2 1 2 
p 0.166666666666667 1 -3.48261701999888 -1.91416002000337 
2 203 157 
p 0.133333333333333 1 -3.48261701999888 -1.91416002000337 
7 9 10 11 12 13 14 1 
p 0.166666666666667 1 0 0.240066061657879 0.480132123315758 0.720198184973637 0.960264246631516 1.2003303082894 1.44039636994727 
7 209 211 212 213 214 215 210 
